partie_1922 = ["ChZJN","BMN","PSL-P","PSL-W","PPS","NPR","PC","KZSN-Ż","KZPMiW","ChSR","Bund","ZN-Ż","PSL-L","ŻDBL", "Inni"]; %Skróty od nazw partii

partie_1922_dane = [29.12, 15.96, 13.16, 10.99, 10.35, 5.41, 2.97, 2.01, 1.39, 1.32, 0.91, 0.75, 0.67, 0.61, 4.54]; %Oddane głosy w skali kraju na dane partie (w procentach)

okregi_1922_mandaty = [14 5 4 4 6 4 4 5 5 5 5 6 7 6 6 7 6 5 7 5 6 5 6 6 4 6 5 5 5 4 5 6 5 4 4 5 6 5 5 7 4 8 7 6 7 6 7 6 6 4 7 6 9 10 9 5 6 5 5 5 6 7 5 6]; %Liczba mandatów dla poszczególnych okręgów wyborczych

okregi_1922_dane = [41.99,	12.59,	0,	0,	20.73,	1.27,	1.61,	0,	6.7,	0,	4.73,	0,	0,	5.78,	4.60
56.14,	9.68,	8.92,	9.19,	11.49,	0,	1.64,	0,	1.13,	0.03,	0.84,	0,	0,	0.9,	0.04
54.98,	7.94,	10.84,	10.5,	7.99,	0.63,	4.65,	0,	0.24,	0,	0.77,	0,	0,	0.41,	1.05
56.86,	17.18,	1.31,	14.95,	3.68,	0.12,	2.75,	0,	0,	0.78,	0.74,	0,	0,	0.01,	1.62
22.9,	23.81,	14.6,	2.72,	2.15,	3.43,	21.64,	0,	0.83,	0.17,	3.99,	0,	0,	0.46,	3.30
27.32,	26.11,	21.01,	12.27,	2.82,	1.1,	3.37,	0,	4.32,	0,	0.49,	0,	0,	0.11,	1.08
56.06,	10.7,	7.15,	13.2,	6.72,	0,	3.84,	0,	0,	1.23,	0.44,	0,	0,	0.12,	0.54
55.18,	9.27,	6.05,	13.89,	10.72,	0.24,	2.99,	0,	0.47,	0.67,	0.52,	0,	0,	0,	0.00
46.91,	12.95,	5,	13.27,	18.36,	0.16,	1.33,	0,	0.79,	0,	0.45,	0,	0,	0,	0.78
40.59,	15.53,	3.26,	16.34,	16.85,	0.47,	5.47,	0,	0,	0.03,	0.95,	0,	0,	0.11,	0.40
34.79,	10.2,	22.8,	10.21,	17.69,	0.48,	1.08,	0,	0.72,	0.66,	0.84,	0,	0,	0.3,	0.23
34.64,	8.91,	12.49,	19.57,	17.98,	1.28,	1.29,	0,	1.41,	0,	0.89,	0,	0,	0.53,	1.01
28.01,	26.96,	0,	0,	8.65,	19.59,	0,	0,	6.3,	0,	5.6,	0,	0,	2.15,	2.74
36,	19.16,	16.04,	10.56,	8.74,	6.54,	0.92,	0,	0.98,	0,	0.32,	0,	0,	0,	0.74
32.91,	14.66,	8.88,	17.09,	15.22,	1.88,	7.33,	0,	1.1,	0.13,	0.41,	0,	0,	0,	0.39
29.45,	11.76,	13.6,	24.01,	11.12,	0.58,	5.92,	0,	0,	2.17,	0.38,	0,	0,	0.01,	1.00
31.71,	8.94,	3.55,	29.02,	11.14,	2.39,	9.89,	0,	0.82,	0,	0.28,	0,	0,	0.01,	2.25
38.12,	17.31,	13.4,	9.46,	9.62,	7.23,	1.43,	0,	0,	0.12,	1.6,	0,	0,	0.17,	1.54
34.39,	10.55,	23.47,	13.45,	11.72,	0.88,	1.15,	0,	1.08,	0,	0.87,	0,	0,	1.2,	1.24
27.47,	10.3,	8.67,	38.15,	9.85,	0.82,	0.8,	0,	0.15,	3.22,	0,	0,	0,	0,	0.57
28.94,	11.04,	0.1,	4.24,	25.33,	5.33,	0,	0,	20.84,	0.15,	0.11,	0,	0,	0,	3.92
17.73,	11.07,	23.84,	35.34,	10.48,	0,	0.83,	0,	0,	0.34,	0,	0,	0,	0.36,	0.05
16.05,	9.56,	14.52,	34.9,	11.89,	1.8,	5.17,	0,	0,	4.11,	0.33,	0,	0,	0.29,	1.38
28.85,	10.38,	13.85,	29.8,	0,	0,	4.2,	0,	1.18,	10.88,	0,	0,	0,	0,	0.86
32.01,	19.89,	20.45,	12.33,	6.37,	0.55,	1.96,	0,	0,	1.12,	3.54,	0,	0,	0.92,	0.86
11.55,	17.91,	14.55,	21.06,	16.54,	0,	4.26,	0,	0.7,	7.45,	2.96,	0,	0,	1.65,	1.37
9.85,	23.71,	7.63,	20.84,	11.59,	0,	0,	0,	0,	24.98,	0.8,	0,	0.07,	0.05,	0.48
5.71,	20.73,	4.44,	29.94,	15.65,	0,	2.52,	0,	0,	20.25,	0,	0,	0,	0.04,	0.72
62.29,	11.35,	1.98,	0,	1.64,	22.22,	0,	0,	0,	0,	0,	0,	0,	0,	0.52
47,	22.39,	3.83,	0,	1.57,	24.16,	0,	0,	0.05,	0,	0,	0,	0,	0,	1.00
57.05,	12.89,	3.61,	0,	0,	26.05,	0,	0,	0,	0,	0,	0,	0,	0,	0.40
47.47,	19.91,	1.09,	0,	3.55,	27,	0,	0,	0,	0,	0,	0,	0,	0,	0.98
48.47,	12.86,	4.02,	1.26,	2.36,	30.8,	0,	0,	0,	0,	0,	0,	0,	0,	0.23
75.99,	0.01,	0,	0,	3.59,	16.65,	0,	0,	2.08,	0,	0,	0,	0,	0,	1.68
50.9,	10.96,	6.54,	0,	0.41,	30.79,	0,	0,	0,	0,	0,	0,	0,	0,	0.40
46.97,	22.37,	2.24,	0,	0.12,	28.14,	0,	0.02,	0,	0,	0,	0,	0,	0,	0.14
37.71,	10.7,	19.45,	0,	0.41,	31.09,	0,	0,	0,	0,	0,	0,	0,	0,	0.64
40.96,	36.53,	0.34,	0,	10.4,	9.07,	0,	0,	0,	0,	0,	0,	0,	0,	2.70
29.98,	32.7,	0.59,	0,	18.9,	15.63,	0,	0,	0,	0,	0,	0,	0,	0,	2.20
38.57,	18.17,	7.16,	0,	18.3,	17.45,	0,	0,	0.34,	0,	0,	0,	0,	0,	0.01
37.91,	0,	0,	0,	26.44,	2.49,	0,	0,	0.49,	0,	1.89,	23.2,	0,	0,	7.58
20.58,	0,	16.26,	19.51,	27,	1.78,	1.65,	0,	0.55,	0,	0,	6.82,	2.19,	0,	3.66
21.9,	0,	28.33,	9.78,	17.3,	1.34,	12.2,	0,	0.08,	0,	0,	3,	0,	0,	6.07
14.1,	0,	44.91,	0.34,	14.11,	0,	14.7,	0,	0.03,	0,	0,	6.23,	2.11,	0,	3.47
3.96,	0,	50.84,	0.11,	7.53,	0.6,	17.6,	0,	0,	0,	0.54,	7.06,	4.93,	0,	6.83
7.12,	0,	39.14,	2.53,	4.96,	0,	10.01,	0,	4.29,	5.67,	0,	7.78,	9.49,	0,	9.01
14.31,	0,	50.42,	8.09,	5.39,	0.96,	1.38,	0,	0.06,	1.54,	0,	0,	3.7,	0,	14.15
16.39,	0,	27.87,	6.22,	10.41,	0,	1.48,	11.82,	0.62,	0,	0.31,	0,	15.8,	0,	9.08
18.11,	0,	33.91,	2.43,	6.21,	0.6,	1.68,	15.08,	0,	0,	0.11,	0,	0.97,	0,	20.90
42.88,	0,	0.31,	0,	17.87,	0,	0,	30.95,	0.42,	0,	4.47,	0,	0,	0,	3.10
15.41,	0,	42.59,	0.53,	10.01,	0,	5.54,	17.71,	0.04,	0,	1.45,	0,	1.09,	0,	5.63
20.7,	0,	15.53,	0,	19.99,	0,	0,	25.4,	0,	0,	0.37,	0,	0,	0,	18.21
20.45,	0,	13.82,	0.45,	6.69,	0,	0,	22.42,	0.11,	0,	3.16,	0,	0,	0,	32.90
23.78,	0,	43.61,	0.63,	2.02,	0,	0,	18.14,	0.14,	0.01,	0.62,	0,	0.92,	0,	10.13
28.1,	0,	36.86,	2.66,	2.78,	0,	0,	21.58,	0,	0,	0.05,	0,	0,	0,	7.97
0,	84.48,	0,	2.76,	2.3,	0,	3.24,	0,	0,	0,	0,	0,	0,	1.05,	6.17
5.02,	66.3,	0,	3.76,	1.24,	0,	0,	0,	0,	0,	0,	0,	0,	2.61,	21.07
3.06,	87.47,	0,	0.73,	0,	0,	0,	0,	0,	0,	0,	0,	0,	1.17,	7.57
0,	40.08,	0,	12.17,	18.78,	0,	0,	0,	7.76,	0,	1.68,	0,	0,	0.79,	18.74
0,	24.91,	0,	21.33,	42.61,	0,	0,	0,	0,	0,	1.85,	0,	0,	0.27,	9.03
0,	45.68,	0,	31.59,	0,	0,	5.5,	0,	0,	0,	0.74,	0,	0,	0.61,	15.88
12,	26.94,	22.75,	34.22,	0,	0,	0,	0,	2.84,	0,	0,	0,	0,	0,	1.25
30.52,	12.18,	15.77,	13.33,	12.45,	0,	0,	0,	0.64,	0,	1.33,	0,	0,	3.42,	10.36
0,	30.66,	4.19,	47.33,	0,	0,	9.05,	0,	0,	0,	0,	0,	0,	2.72,	6.05]; %Głosy oddane na daną partię (kolumna) w danym okręgu (wiersz) w procentach


