% =========================================================
% DANE KOALICJI — Scenariusz 1
% Wybory parlamentarne w Polsce 1922
%
% Trzy alternatywne konfiguracje koalicji przedwyborczych.
% Każdy podscenariusz ma swoją macierz wyników okręgowych
% (64 wiersze = 64 okręgi) oraz wektor ogólnokrajowy.
% =========================================================

%% PODSCENARIUSZ A
% Koalicja lewicy (PSL-P + PSL-W + PPS + NPR + PSL-L + inne = PZL) vs reszta

partie_1922_A = {"ChZJN","BMN","PZL","PC","KZSN-Ż","ZN-Ż","ŻDBL","Inni"};

partie_1922_dane_A = [29.12, 15.96, 44.20, 2.97, 2.01, 0.75, 0.61, 4.54];

okregi_1922_dane_A = [
41.99,  12.59,  33.43,  1.61,  0,     0,     5.78,  4.60;
56.14,   9.68,  31.60,  1.64,  0,     0,     0.90,  0.04;
54.98,   7.94,  30.97,  4.65,  0,     0,     0.41,  1.05;
56.86,  17.18,  21.58,  2.75,  0,     0,     0.01,  1.62;
22.90,  23.81,  27.89, 21.64,  0,     0,     0.46,  3.30;
27.32,  26.11,  42.01,  3.37,  0,     0,     0.11,  1.08;
56.06,  10.70,  28.74,  3.84,  0,     0,     0.12,  0.54;
55.18,   9.27,  32.56,  2.99,  0,     0,     0,     0;
46.91,  12.95,  38.03,  1.33,  0,     0,     0,     0.78;
40.59,  15.53,  37.90,  5.47,  0,     0,     0.11,  0.40;
34.79,  10.20,  53.40,  1.08,  0,     0,     0.30,  0.23;
34.64,   8.91,  53.62,  1.29,  0,     0,     0.53,  1.01;
28.01,  26.96,  40.14,  0,     0,     0,     2.15,  2.74;
36.00,  19.16,  43.18,  0.92,  0,     0,     0,     0.74;
32.91,  14.66,  44.71,  7.33,  0,     0,     0,     0.39;
29.45,  11.76,  51.86,  5.92,  0,     0,     0.01,  1.00;
31.71,   8.94,  47.20,  9.89,  0,     0,     0.01,  2.25;
38.12,  17.31,  41.43,  1.43,  0,     0,     0.17,  1.54;
34.39,  10.55,  51.47,  1.15,  0,     0,     1.20,  1.24;
27.47,  10.30,  60.86,  0.80,  0,     0,     0,     0.57;
28.94,  11.04,  56.10,  0,     0,     0,     0,     3.92;
17.73,  11.07,  70.00,  0.83,  0,     0,     0.36,  0.05;
16.05,   9.56,  67.55,  5.17,  0,     0,     0.29,  1.38;
28.85,  10.38,  55.71,  4.20,  0,     0,     0,     0.86;
32.01,  19.89,  44.36,  1.96,  0,     0,     0.92,  0.86;
11.55,  17.91,  63.26,  4.26,  0,     0,     1.65,  1.37;
 9.85,  23.71,  65.91,  0,     0,     0,     0.05,  0.48;
 5.71,  20.73,  70.28,  2.52,  0,     0,     0.04,  0.72;
62.29,  11.35,  25.84,  0,     0,     0,     0,     0.52;
47.00,  22.39,  29.61,  0,     0,     0,     0,     1.00;
57.05,  12.89,  29.66,  0,     0,     0,     0,     0.40;
47.47,  19.91,  31.64,  0,     0,     0,     0,     0.98;
48.47,  12.86,  38.44,  0,     0,     0,     0,     0.23;
75.99,   0.01,  22.32,  0,     0,     0,     0,     1.68;
50.90,  10.96,  37.74,  0,     0,     0,     0,     0.40;
46.97,  22.37,  30.50,  0,     0.02,  0,     0,     0.14;
37.71,  10.70,  50.95,  0,     0,     0,     0,     0.64;
40.96,  36.53,  19.81,  0,     0,     0,     0,     2.70;
29.98,  32.70,  35.12,  0,     0,     0,     0,     2.20;
38.57,  18.17,  43.25,  0,     0,     0,     0,     0.01;
37.91,   0,     31.31,  0,     0,    23.20,  0,     7.58;
20.58,   0,     67.29,  1.65,  0,     6.82,  0,     3.66;
21.90,   0,     56.83, 12.20,  0,     3.00,  0,     6.07;
14.10,   0,     61.50, 14.70,  0,     6.23,  0,     3.47;
 3.96,   0,     64.55, 17.60,  0,     7.06,  0,     6.83;
 7.12,   0,     66.08, 10.01,  0,     7.78,  0,     9.01;
14.31,   0,     70.16,  1.38,  0,     0,     0,    14.15;
16.39,   0,     61.23,  1.48, 11.82,  0,     0,     9.08;
18.11,   0,     44.23,  1.68, 15.08,  0,     0,    20.90;
42.88,   0,     23.07,  0,    30.95,  0,     0,     3.10;
15.41,   0,     55.71,  5.54, 17.71,  0,     0,     5.63;
20.70,   0,     35.89,  0,    25.40,  0,     0,    18.21;
20.45,   0,     24.23,  0,    22.42,  0,     0,    32.90;
23.78,   0,     47.95,  0,    18.14,  0,     0,    10.13;
28.10,   0,     42.35,  0,    21.58,  0,     0,     7.97;
 0,     84.48,   5.06,  3.24,  0,     0,     1.05,  6.17;
 5.02,  66.30,   5.00,  0,     0,     0,     2.61, 21.07;
 3.06,  87.47,   0.73,  0,     0,     0,     1.17,  7.57;
 0,     40.08,  40.39,  0,     0,     0,     0.79, 18.74;
 0,     24.91,  65.79,  0,     0,     0,     0.27,  9.03;
 0,     45.68,  32.33,  5.50,  0,     0,     0.61, 15.88;
12.00,  26.94,  59.81,  0,     0,     0,     0,     1.25;
30.52,  12.18,  43.52,  0,     0,     0,     3.42, 10.36;
 0,     30.66,  51.52,  9.05,  0,     0,     2.72,  6.05
];


%% PODSCENARIUSZ B
% Koalicja lewicy (PZL) vs koalicja mniejszości narodowych (WMN) vs reszta

partie_1922_B = {"ChZJN","PZL","WMN","PC"};

partie_1922_dane_B = [29.12, 44.20, 23.87, 2.97];

okregi_1922_dane_B = [
41.99,  33.43,  22.97,  1.61;
56.14,  31.60,  10.62,  1.64;
54.98,  30.97,   9.40,  4.65;
56.86,  21.58,  18.81,  2.75;
22.90,  27.89,  27.57, 21.64;
27.32,  42.01,  27.30,  3.37;
56.06,  28.74,  11.36,  3.84;
55.18,  32.56,   9.27,  2.99;
46.91,  38.03,  13.73,  1.33;
40.59,  37.90,  16.04,  5.47;
34.79,  53.40,  10.73,  1.08;
34.64,  53.62,  10.45,  1.29;
28.01,  40.14,  31.85,  0;
36.00,  43.18,  19.90,  0.92;
32.91,  44.71,  15.05,  7.33;
29.45,  51.86,  12.77,  5.92;
31.71,  47.20,  11.20,  9.89;
38.12,  41.43,  19.02,  1.43;
34.39,  51.47,  12.99,  1.15;
27.47,  60.86,  10.87,  0.80;
28.94,  56.10,  14.96,  0;
17.73,  70.00,  11.48,  0.83;
16.05,  67.55,  11.23,  5.17;
28.85,  55.71,  11.24,  4.20;
32.01,  44.36,  21.67,  1.96;
11.55,  63.26,  20.93,  4.26;
 9.85,  65.91,  24.24,  0;
 5.71,  70.28,  21.49,  2.52;
62.29,  25.84,  11.87,  0;
47.00,  29.61,  23.39,  0;
57.05,  29.66,  13.29,  0;
47.47,  31.64,  20.89,  0;
48.47,  38.44,  13.09,  0;
75.99,  22.32,   1.69,  0;
50.90,  37.74,  11.36,  0;
46.97,  30.50,  22.53,  0;
37.71,  50.95,  11.34,  0;
40.96,  19.81,  39.23,  0;
29.98,  35.12,  34.90,  0;
38.57,  43.25,  18.18,  0;
37.91,  31.31,  30.78,  0;
20.58,  67.29,  10.48,  1.65;
21.90,  56.83,   9.07, 12.20;
14.10,  61.50,   9.70, 14.70;
 3.96,  64.55,  13.89, 17.60;
 7.12,  66.08,  16.79, 10.01;
14.31,  70.16,   0,     1.38;
16.39,  61.23,  20.90,  1.48;
18.11,  44.23,  15.08,  1.68;
42.88,  23.07,  34.05,  0;
15.41,  55.71,  23.34,  5.54;
20.70,  35.89,  25.40,  0;
20.45,  24.23,  22.42,  0;
23.78,  47.95,  28.27,  0;
28.10,  42.35,  21.58,  0;
 0,      5.06,  91.70,  3.24;
 5.02,   5.00,  89.98,  0;
 3.06,   0.73,  96.21,  0;
 0,     40.39,  59.61,  0;
 0,     65.79,  34.21,  0;
 0,     32.33,  62.17,  5.50;
12.00,  59.81,  28.19,  0;
30.52,  43.52,  25.96,  0;
 0,     51.52,  39.43,  9.05
];


%% PODSCENARIUSZ C
% Koalicja prawicy (PJN) vs koalicja lewicy (PZL) vs koalicja mniejszości (WMN)

partie_1922_C = {"PJN","PZL","WMN"};

partie_1922_dane_C = [32.09, 44.20, 23.87];

